% # columns="iteration, evaluation, sigma, max axis length,  min axis length, all principal axes lengths  (sorted square roots of eigenvalues of C)", seed=369884, Sun Sep  7 22:22:41 2025
1 6 0.36003564052535175 1.0000250003125026 1.0 1.0 1.0000250003125026
2 12 0.3225054135222791 0.960230336696514 0.790729442436226 0.790729442436226 0.960230336696514
3 18 0.29656580051118675 0.96198377346453 0.649599167311628 0.649599167311628 0.96198377346453
4 24 0.25755977765107396 0.9133391753547337 0.5928730312205492 0.5928730312205492 0.9133391753547337
5 30 0.20666868884342202 0.7938057081492537 0.55580283669224 0.55580283669224 0.7938057081492537
6 36 0.16024434897382245 0.7376601073262871 0.48417770256890486 0.48417770256890486 0.7376601073262871
7 42 0.1293020930673212 0.6866656783697247 0.40323946085257956 0.40323946085257956 0.6866656783697247
8 48 0.10917318032359012 0.6462315587609248 0.362694865425835 0.362694865425835 0.6462315587609248
9 54 0.12197978469508486 0.6416749914644645 0.3003914973489553 0.3003914973489553 0.6416749914644645
10 60 0.12606668026911091 0.7564422468975613 0.26774929947938747 0.26774929947938747 0.7564422468975613
11 66 0.1246152094329571 0.8124512165155514 0.21277731369277397 0.21277731369277397 0.8124512165155514
12 72 0.13737266531575 0.7220999066890406 0.20648236121072722 0.20648236121072722 0.7220999066890406
13 78 0.137563209492577 0.8008664003575177 0.1895514644786904 0.1895514644786904 0.8008664003575177
14 84 0.12988945379609254 0.777609850578545 0.17416179382597177 0.17416179382597177 0.777609850578545
15 90 0.18681430316802275 0.8186519231771812 0.13462113046660562 0.13462113046660562 0.8186519231771812
16 96 0.21743880991264297 1.1597682210165448 0.1139625425543146 0.1139625425543146 1.1597682210165448
17 102 0.22154398648164803 1.080784578632968 0.1107182575821146 0.1107182575821146 1.080784578632968
18 108 0.1922075042511891 1.0618551185313185 0.09738786993599165 0.09738786993599165 1.0618551185313185
19 114 0.1904623402626453 0.8930940558468644 0.09059370363121247 0.09059370363121247 0.8930940558468644
20 120 0.1954725595694 0.8928137923957932 0.08155025494322331 0.08155025494322331 0.8928137923957932
21 126 0.19385330883254778 0.7625354959273992 0.08783440631877674 0.08783440631877674 0.7625354959273992
22 132 0.1930045524962099 0.7021416855319338 0.08441689570651312 0.08441689570651312 0.7021416855319338
23 138 0.1669916769218758 0.7036585664953358 0.0743150972578301 0.0743150972578301 0.7036585664953358
24 144 0.2569028145436838 0.6715558044827844 0.06496416024155736 0.06496416024155736 0.6715558044827844
25 150 0.22814436303391525 0.7534710149730717 0.06241566842983322 0.06241566842983322 0.7534710149730717
26 156 0.2606530655355262 0.6885593845482647 0.05917901938419568 0.05917901938419568 0.6885593845482647
27 162 0.29272696576819884 0.673271900661904 0.058152474588754326 0.058152474588754326 0.673271900661904
28 168 0.2206504738213583 0.6375218399060288 0.06157254928313501 0.06157254928313501 0.6375218399060288
29 174 0.19409760561151018 0.5806037514974609 0.05214238241324634 0.05214238241324634 0.5806037514974609
30 180 0.1449253348304391 0.5509861682141947 0.045478796378076315 0.045478796378076315 0.5509861682141947
31 186 0.14486860729699955 0.5273157538459996 0.036986708408002854 0.036986708408002854 0.5273157538459996
32 192 0.12618728986790864 0.47734584018927273 0.037337871152895226 0.037337871152895226 0.47734584018927273
33 198 0.12123853727595926 0.47191830708370364 0.03023197063509763 0.03023197063509763 0.47191830708370364
34 204 0.13242218855599566 0.48179886260693894 0.025770146751860516 0.025770146751860516 0.48179886260693894
35 210 0.12404958437719484 0.5516795077617948 0.02123835843422859 0.02123835843422859 0.5516795077617948
36 216 0.105482981753015 0.5539729924177147 0.020366255016924333 0.020366255016924333 0.5539729924177147
37 222 0.07961307783078526 0.45648660849727035 0.0198326947114647 0.0198326947114647 0.45648660849727035
38 228 0.0746626274847217 0.4107175303120687 0.017322275911982907 0.017322275911982907 0.4107175303120687
39 234 0.06413826660393422 0.3964507850002279 0.01573053809358305 0.01573053809358305 0.3964507850002279
40 240 0.05292501408907087 0.3856835884206213 0.01360783240414135 0.01360783240414135 0.3856835884206213
41 246 0.058512255759489956 0.35406254819120747 0.012033826977305323 0.012033826977305323 0.35406254819120747
42 252 0.046347475682807934 0.3659232520169438 0.011929471279409092 0.011929471279409092 0.3659232520169438
43 258 0.044190500022336036 0.3488302692529451 0.00954462635366835 0.00954462635366835 0.3488302692529451
44 264 0.03426512971048068 0.32145608365355943 0.009536934765657265 0.009536934765657265 0.32145608365355943
45 270 0.030709340580932082 0.3141561102419335 0.007641972499811084 0.007641972499811084 0.3141561102419335
46 276 0.022327573419443587 0.29315335046926394 0.0067606973567009565 0.0067606973567009565 0.29315335046926394
47 282 0.02508609776128757 0.2665856781599772 0.00561134616408691 0.00561134616408691 0.2665856781599772
48 288 0.019481694480593104 0.2837387591393359 0.005370670480768313 0.005370670480768313 0.2837387591393359
49 294 0.013791698798643212 0.24191135509584746 0.005080880636881039 0.005080880636881039 0.24191135509584746
50 300 0.012541466821951277 0.22825830227209196 0.004120019109149872 0.004120019109149872 0.22825830227209196
51 306 0.011791026425894587 0.22716370352615697 0.0034015081209806393 0.0034015081209806393 0.22716370352615697
52 312 0.010170782223614486 0.19381205272243826 0.0035806152348328126 0.0035806152348328126 0.19381205272243826
53 318 0.00879296797333675 0.18450880043020929 0.003115238045885137 0.003115238045885137 0.18450880043020929
54 324 0.008437243881639788 0.15986604773079546 0.0029587588279139667 0.0029587588279139667 0.15986604773079546
55 330 0.006410511380349414 0.15861657418360345 0.0027460645092408954 0.0027460645092408954 0.15861657418360345
56 336 0.004960286654977181 0.13515120063803693 0.0024795275926630454 0.0024795275926630454 0.13515120063803693
57 342 0.0039134098720057945 0.13052463541941048 0.002046883679010561 0.002046883679010561 0.13052463541941048
58 348 0.0028044717003215323 0.11241724324731335 0.0019165774996012322 0.0019165774996012322 0.11241724324731335
59 354 0.002496056946503333 0.09666004505889496 0.0017184119931746627 0.0017184119931746627 0.09666004505889496
60 360 0.0018885683973843138 0.09245290291806944 0.0015239467540258582 0.0015239467540258582 0.09245290291806944
61 366 0.0016570811073269222 0.07612542612360212 0.0014013327337614168 0.0014013327337614168 0.07612542612360212
62 372 0.0014716601704444967 0.06227964237788922 0.0013981689338985993 0.0013981689338985993 0.06227964237788922
63 378 0.0014446507238829096 0.05808607025487825 0.001274526519219361 0.001274526519219361 0.05808607025487825
64 384 0.0012827597029683817 0.056813795318728974 0.0012049427924855631 0.0012049427924855631 0.056813795318728974
65 390 0.0012199044436329517 0.0511545516361826 0.0010994212201821203 0.0010994212201821203 0.0511545516361826
66 396 0.001012940242640648 0.05217500103750702 0.0009546074564456561 0.0009546074564456561 0.05217500103750702
67 402 0.0007145897145718768 0.04614507421296772 0.000868852404242372 0.000868852404242372 0.04614507421296772
68 408 0.0007955034621465667 0.042641884500279455 0.0007208322132420046 0.0007208322132420046 0.042641884500279455
69 414 0.0007487777522083053 0.04855308158180987 0.0006484445927432336 0.0006484445927432336 0.04855308158180987
70 420 0.0006267162674459822 0.045973509698517316 0.0005685559354489809 0.0005685559354489809 0.045973509698517316
71 426 0.00047958789492235217 0.0409018025963759 0.0005020284946149096 0.0005020284946149096 0.0409018025963759
72 432 0.00044401614539258603 0.03566049385838677 0.0004527822359222746 0.0004527822359222746 0.03566049385838677
73 438 0.0003503591201171031 0.03090115117900419 0.00044913937752355054 0.00044913937752355054 0.03090115117900419
74 444 0.0003901276546705072 0.02451504786189632 0.00044216651815437967 0.00044216651815437967 0.02451504786189632
75 450 0.0003969067703837765 0.019491174915943557 0.0005226222639162393 0.0005226222639162393 0.019491174915943557
76 456 0.0002866262490796642 0.017488163501977315 0.0005298140745718474 0.0005298140745718474 0.017488163501977315
77 462 0.00028436459147963665 0.014017590284925514 0.0005095578304180974 0.0005095578304180974 0.014017590284925514
78 468 0.00021831409716175002 0.014490111788199976 0.0004495082822122618 0.0004495082822122618 0.014490111788199976
79 474 0.00018811687256325518 0.013174312783858545 0.0004081657435341643 0.0004081657435341643 0.013174312783858545
80 480 0.00016764260701459597 0.013537515738379864 0.0003356035011196152 0.0003356035011196152 0.013537515738379864
81 486 0.00012316957605618278 0.011657179044277034 0.0003213319125761672 0.0003213319125761672 0.011657179044277034
82 492 0.00011697607743570336 0.011478387306354388 0.0002530232887480759 0.0002530232887480759 0.011478387306354388
83 498 0.00013721770492221053 0.009744876547266548 0.0002562231218065274 0.0002562231218065274 0.009744876547266548
84 504 0.0001297034571500959 0.008968519358725722 0.0002926082828188409 0.0002926082828188409 0.008968519358725722
85 510 0.0001051496415035533 0.009029912172961178 0.0002558905596195975 0.0002558905596195975 0.009029912172961178
86 516 8.835290910796284e-05 0.00875428470927629 0.00020890607381726745 0.00020890607381726745 0.00875428470927629
87 522 7.749602843503316e-05 0.007968342465198841 0.00018831132435819209 0.00018831132435819209 0.007968342465198841
88 528 5.803597671711189e-05 0.0071883510000785 0.00016596172252652465 0.00016596172252652465 0.0071883510000785
89 534 4.954325343014282e-05 0.006076341217538965 0.0001512946624055734 0.0001512946624055734 0.006076341217538965
90 540 4.956318513190811e-05 0.006029396985681942 0.0001272303191335091 0.0001272303191335091 0.006029396985681942
91 546 3.753564063105485e-05 0.005182364335749424 0.00013780525438962803 0.00013780525438962803 0.005182364335749424
92 552 3.0311471273139957e-05 0.004932075340667785 0.00011103301514181095 0.00011103301514181095 0.004932075340667785
93 558 2.502993867529696e-05 0.004900417562435715 8.858877043359057e-05 8.858877043359057e-05 0.004900417562435715
93 558 2.502993867529696e-05 0.004900417562435715 8.858877043359057e-05 8.858877043359057e-05 0.004900417562435715
