% # columns="iteration, evaluation, min max(neg(.)) min(pos(.)) max correlation, correlation matrix principal axes lengths  (sorted square roots of eigenvalues of correlation matrix)", seed=369884, Sun Sep  7 22:22:41 2025
1 6 -0.1753768281251927 -0.1753768281251927 -0.1753768281251927 -0.1753768281251927 0.9080876454807695 1.0841479733528965
2 12 -0.1753768281251927 -0.1753768281251927 -0.1753768281251927 -0.1753768281251927 0.9080876454807695 1.0841479733528965
3 18 -0.15613186038442126 -0.15613186038442126 -0.15613186038442126 -0.15613186038442126 0.9186229583542853 1.0752357231716316
4 24 -0.15613186038442126 -0.15613186038442126 -0.15613186038442126 -0.15613186038442126 0.9186229583542853 1.0752357231716316
5 30 -0.3725151109303003 -0.3725151109303003 -0.3725151109303003 -0.3725151109303003 0.7921394378956901 1.1715439005561423
6 36 -0.3725151109303003 -0.3725151109303003 -0.3725151109303003 -0.3725151109303003 0.7921394378956901 1.1715439005561423
7 42 -0.4967120299990915 -0.4967120299990915 -0.4967120299990915 -0.4967120299990915 0.7094279174101543 1.2234018268741842
8 48 -0.4967120299990915 -0.4967120299990915 -0.4967120299990915 -0.4967120299990915 0.7094279174101543 1.2234018268741842
9 54 -0.777291167399826 -0.777291167399826 -0.777291167399826 -0.777291167399826 0.4719203667994996 1.3331508419529374
10 60 -0.777291167399826 -0.777291167399826 -0.777291167399826 -0.777291167399826 0.4719203667994996 1.3331508419529374
11 66 -0.8477452701804259 -0.8477452701804259 -0.8477452701804259 -0.8477452701804259 0.39019832113884617 1.3593179430068691
12 72 -0.8477452701804259 -0.8477452701804259 -0.8477452701804259 -0.8477452701804259 0.39019832113884617 1.3593179430068691
13 78 -0.9036172080572847 -0.9036172080572847 -0.9036172080572847 -0.9036172080572847 0.3104557809780895 1.3797163505798158
14 84 -0.9036172080572847 -0.9036172080572847 -0.9036172080572847 -0.9036172080572847 0.3104557809780895 1.3797163505798158
15 90 -0.9805081935438246 -0.9805081935438246 -0.9805081935438246 -0.9805081935438246 0.13961305976224206 1.4073052950741798
16 96 -0.9805081935438246 -0.9805081935438246 -0.9805081935438246 -0.9805081935438246 0.13961305976224206 1.4073052950741798
17 102 -0.9824995328596547 -0.9824995328596547 -0.9824995328596547 -0.9824995328596547 0.13228933116599212 1.408012618146462
18 108 -0.9824995328596547 -0.9824995328596547 -0.9824995328596547 -0.9824995328596547 0.13228933116599212 1.408012618146462
19 114 -0.9822977710686 -0.9822977710686 -0.9822977710686 -0.9822977710686 0.13304972352996516 1.407940968602235
20 120 -0.9822977710686 -0.9822977710686 -0.9822977710686 -0.9822977710686 0.13304972352996516 1.407940968602235
21 126 -0.9683968792445263 -0.9683968792445263 -0.9683968792445263 -0.9683968792445263 0.17777266594016564 1.4029956804083634
22 132 -0.9683968792445263 -0.9683968792445263 -0.9683968792445263 -0.9683968792445263 0.17777266594016564 1.4029956804083634
23 138 -0.9782114401687264 -0.9782114401687264 -0.9782114401687264 -0.9782114401687264 0.14760948421857448 1.4064890472978189
24 144 -0.9782114401687264 -0.9782114401687264 -0.9782114401687264 -0.9782114401687264 0.14760948421857448 1.4064890472978189
25 150 -0.9813416065550375 -0.9813416065550375 -0.9813416065550375 -0.9813416065550375 0.1365957299660651 1.4076013663516518
26 156 -0.9813416065550375 -0.9813416065550375 -0.9813416065550375 -0.9813416065550375 0.1365957299660651 1.4076013663516518
27 162 -0.974336859639619 -0.974336859639619 -0.974336859639619 -0.974336859639619 0.1601971921114134 1.4051109776952206
28 168 -0.974336859639619 -0.974336859639619 -0.974336859639619 -0.974336859639619 0.1601971921114134 1.4051109776952206
29 174 -0.9800595338387991 -0.9800595338387991 -0.9800595338387991 -0.9800595338387991 0.1412107154616847 1.407145882216481
30 180 -0.9800595338387991 -0.9800595338387991 -0.9800595338387991 -0.9800595338387991 0.1412107154616847 1.407145882216481
31 186 -0.9816991039158086 -0.9816991039158086 -0.9816991039158086 -0.9816991039158086 0.13528080456661762 1.407728348764707
32 192 -0.9816991039158086 -0.9816991039158086 -0.9816991039158086 -0.9816991039158086 0.13528080456661762 1.407728348764707
33 198 -0.9913306494037053 -0.9913306494037053 -0.9913306494037053 -0.9913306494037053 0.09310934752373017 1.4111451553272985
34 204 -0.9913306494037053 -0.9913306494037053 -0.9913306494037053 -0.9913306494037053 0.09310934752373017 1.4111451553272985
35 210 -0.9958684892019507 -0.9958684892019507 -0.9958684892019507 -0.9958684892019507 0.06427682940258762 1.4127520975747836
36 216 -0.9958684892019507 -0.9958684892019507 -0.9958684892019507 -0.9958684892019507 0.06427682940258762 1.4127520975747836
37 222 -0.9945811378638136 -0.9945811378638136 -0.9945811378638136 -0.9945811378638136 0.07361292098664758 1.4122964058099892
38 228 -0.9945811378638136 -0.9945811378638136 -0.9945811378638136 -0.9945811378638136 0.07361292098664758 1.4122964058099892
39 234 -0.9961969696891239 -0.9961969696891239 -0.9961969696891239 -0.9961969696891239 0.06166871419833722 1.4128683483216418
40 240 -0.9961969696891239 -0.9961969696891239 -0.9961969696891239 -0.9961969696891239 0.06166871419833722 1.4128683483216418
41 246 -0.9966157126844323 -0.9966157126844323 -0.9966157126844323 -0.9966157126844323 0.0581746277647548 1.4130165295156432
42 252 -0.9966157126844323 -0.9966157126844323 -0.9966157126844323 -0.9966157126844323 0.0581746277647548 1.4130165295156432
43 258 -0.9971699618586963 -0.9971699618586963 -0.9971699618586963 -0.9971699618586963 0.05319810279797426 1.4132126385858204
44 264 -0.9971699618586963 -0.9971699618586963 -0.9971699618586963 -0.9971699618586963 0.05319810279797426 1.4132126385858204
45 270 -0.998292886144679 -0.998292886144679 -0.998292886144679 -0.998292886144679 0.04131723436195733 1.4136098776340944
46 276 -0.998292886144679 -0.998292886144679 -0.998292886144679 -0.998292886144679 0.04131723436195733 1.4136098776340944
47 282 -0.9988667755534053 -0.9988667755534053 -0.9988667755534053 -0.9988667755534053 0.03366339921331268 1.4138128502575598
48 288 -0.9988667755534053 -0.9988667755534053 -0.9988667755534053 -0.9988667755534053 0.03366339921331268 1.4138128502575598
49 294 -0.9989653168320167 -0.9989653168320167 -0.9989653168320167 -0.9989653168320167 0.0321664913844127 1.4138476993056985
50 300 -0.9989653168320167 -0.9989653168320167 -0.9989653168320167 -0.9989653168320167 0.0321664913844127 1.4138476993056985
51 306 -0.9989276799361051 -0.9989276799361051 -0.9989276799361051 -0.9989276799361051 0.032746298476238576 1.4138343891475074
52 312 -0.9989276799361051 -0.9989276799361051 -0.9989276799361051 -0.9989276799361051 0.032746298476238576 1.4138343891475074
53 318 -0.9989075079673039 -0.9989075079673039 -0.9989075079673039 -0.9989075079673039 0.03305286723865792 1.4138272553488649
54 324 -0.9989075079673039 -0.9989075079673039 -0.9989075079673039 -0.9989075079673039 0.03305286723865792 1.4138272553488649
55 330 -0.9989385126616163 -0.9989385126616163 -0.9989385126616163 -0.9989385126616163 0.03258047480291879 1.413838220116296
56 336 -0.9989385126616163 -0.9989385126616163 -0.9989385126616163 -0.9989385126616163 0.03258047480291879 1.413838220116296
57 342 -0.9990820803262432 -0.9990820803262432 -0.9990820803262432 -0.9990820803262432 0.03029718920554688 1.4138889915146249
58 348 -0.9990820803262432 -0.9990820803262432 -0.9990820803262432 -0.9990820803262432 0.03029718920554688 1.4138889915146249
59 354 -0.9991336183290533 -0.9991336183290533 -0.9991336183290533 -0.9991336183290533 0.02943436207813342 1.4139072170156899
60 360 -0.9991336183290533 -0.9991336183290533 -0.9991336183290533 -0.9991336183290533 0.02943436207813342 1.4139072170156899
61 366 -0.9983914777813582 -0.9983914777813582 -0.9983914777813582 -0.9983914777813582 0.040106386257576725 1.4136447494973263
62 372 -0.9983914777813582 -0.9983914777813582 -0.9983914777813582 -0.9983914777813582 0.040106386257576725 1.4136447494973263
63 378 -0.9985775788199744 -0.9985775788199744 -0.9985775788199744 -0.9985775788199744 0.03771499940375552 1.413710571092957
64 384 -0.9985775788199744 -0.9985775788199744 -0.9985775788199744 -0.9985775788199744 0.03771499940375552 1.413710571092957
65 390 -0.9989547010585367 -0.9989547010585367 -0.9989547010585367 -0.9989547010585367 0.03233108320893793 1.4138439450867755
66 396 -0.9989547010585367 -0.9989547010585367 -0.9989547010585367 -0.9989547010585367 0.03233108320893793 1.4138439450867755
67 402 -0.9990980596464826 -0.9990980596464826 -0.9990980596464826 -0.9990980596464826 0.03003232181362893 1.4138946423430858
68 408 -0.9990980596464826 -0.9990980596464826 -0.9990980596464826 -0.9990980596464826 0.03003232181362893 1.4138946423430858
69 414 -0.9995177670062577 -0.9995177670062577 -0.9995177670062577 -0.9995177670062577 0.021959804046079886 1.4140430569845663
70 420 -0.9995177670062577 -0.9995177670062577 -0.9995177670062577 -0.9995177670062577 0.021959804046079886 1.4140430569845663
71 426 -0.9994920100048544 -0.9994920100048544 -0.9994920100048544 -0.9994920100048544 0.02253863339125751 1.4140339493819991
72 432 -0.9994920100048544 -0.9994920100048544 -0.9994920100048544 -0.9994920100048544 0.02253863339125751 1.4140339493819991
73 438 -0.9989726206557998 -0.9989726206557998 -0.9989726206557998 -0.9989726206557998 0.03205275876114769 1.4138502822632246
74 444 -0.9989726206557998 -0.9989726206557998 -0.9989726206557998 -0.9989726206557998 0.03205275876114769 1.4138502822632246
75 450 -0.9970592595440534 -0.9970592595440534 -0.9970592595440534 -0.9970592595440534 0.054228594449299124 1.4131734711436008
76 456 -0.9970592595440534 -0.9970592595440534 -0.9970592595440534 -0.9970592595440534 0.054228594449299124 1.4131734711436008
77 462 -0.9969703797568948 -0.9969703797568948 -0.9969703797568948 -0.9969703797568948 0.05504198618423073 1.4131420239158181
78 468 -0.9969703797568948 -0.9969703797568948 -0.9969703797568948 -0.9969703797568948 0.05504198618423073 1.4131420239158181
79 474 -0.9980641533373391 -0.9980641533373391 -0.9980641533373391 -0.9980641533373391 0.04399825749573436 1.4135289715238732
80 480 -0.9980641533373391 -0.9980641533373391 -0.9980641533373391 -0.9980641533373391 0.04399825749573436 1.4135289715238732
81 486 -0.9984446790025107 -0.9984446790025107 -0.9984446790025107 -0.9984446790025107 0.03943755820901295 1.4136635664126422
82 492 -0.9984446790025107 -0.9984446790025107 -0.9984446790025107 -0.9984446790025107 0.03943755820901295 1.4136635664126422
83 498 -0.9966041394802981 -0.9966041394802981 -0.9966041394802981 -0.9966041394802981 0.05827401238718421 1.4130124342978365
84 504 -0.9966041394802981 -0.9966041394802981 -0.9966041394802981 -0.9966041394802981 0.05827401238718421 1.4130124342978365
85 510 -0.9982045206371187 -0.9982045206371187 -0.9982045206371187 -0.9982045206371187 0.04237309715941685 1.413578622021824
86 516 -0.9982045206371187 -0.9982045206371187 -0.9982045206371187 -0.9982045206371187 0.04237309715941685 1.413578622021824
87 522 -0.9982792192231682 -0.9982792192231682 -0.9982792192231682 -0.9982792192231682 0.04148229473922537 1.413605043575881
88 528 -0.9982792192231682 -0.9982792192231682 -0.9982792192231682 -0.9982792192231682 0.04148229473922537 1.413605043575881
89 534 -0.9985721469807114 -0.9985721469807114 -0.9985721469807114 -0.9985721469807114 0.03778694244429321 1.413708649963178
90 540 -0.9985721469807114 -0.9985721469807114 -0.9985721469807114 -0.9985721469807114 0.03778694244429321 1.413708649963178
91 546 -0.9983821856549393 -0.9983821856549393 -0.9983821856549393 -0.9983821856549393 0.040222062914037716 1.4136414629088025
92 552 -0.9983821856549393 -0.9983821856549393 -0.9983821856549393 -0.9983821856549393 0.040222062914037716 1.4136414629088025
93 558 -0.9991936891232231 -0.9991936891232231 -0.9991936891232231 -0.9991936891232231 0.028395613689031957 1.4139284596906674
93 558 -0.9991936891232231 -0.9991936891232231 -0.9991936891232231 -0.9991936891232231 0.028395613689031957 1.4139284596906674
