% # columns="iteration, evaluation, sigma, axis ratio, bestever, best, median, worst objective function value, interquartile range, further/more values", seed=369884, Sun Sep  7 22:22:41 2025, <python>{}</python>
1 6 0.36003564052535175 1.0000250003125026 1.3552798188187198 1.3552798188187198e+00 8.815716649964788 63.589898544978396 11.495717665562266   
2 12 0.3225054135222791 1.2143601656440897 0.4635462222423322 4.6354622224233222e-01 9.411495561169364 14.19210738448472 9.660168574782404   
3 18 0.29656580051118675 1.4808882490501156 0.4635462222423322 4.7381342553272188e-01 18.77180192400256 46.70207888357019 34.593519314870974   
4 24 0.25755977765107396 1.540530817322623 0.4635462222423322 7.2456493245440712e-01 5.017088778550302 19.69820743099167 11.437001749555803   
5 30 0.20666868884342202 1.4282145677295293 0.4635462222423322 7.5192657130030782e-01 4.525566823349233 18.39663076309772 3.440329729777537   
6 36 0.16024434897382245 1.5235317599560636 0.4635462222423322 5.3724151481224580e-01 1.7000929159083062 4.804055651722387 1.4457815914652705   
7 42 0.1293020930673212 1.702873218106903 0.4635462222423322 6.7716665008809762e-01 0.9996326554912125 2.7306470922219397 0.7849311536193454   
8 48 0.10917318032359012 1.7817499511667838 0.4635462222423322 5.3394828998152777e-01 1.5459651581282152 2.87124440554048 1.5062128602385436   
9 54 0.12197978469508486 2.1361290087350606 0.37688805757802035 3.7688805757802035e-01 0.706144909709322 0.7216806994383365 0.20738893118085355   
10 60 0.12606668026911091 2.8251885191423094 0.31611942147786865 3.1611942147786865e-01 0.45249435848265185 0.6180656226367842 0.07440276149431785   
11 66 0.1246152094329571 3.818316917416477 0.2958955352763857 2.9589553527638568e-01 0.4584248890323933 1.007343747478178 0.1355563386606567   
12 72 0.13737266531575 3.4971505675106833 0.27001552178021004 2.7001552178021004e-01 0.4333295735781421 0.6118302561969569 0.18067926153926195   
13 78 0.137563209492577 4.225060473998881 0.2214402670971408 2.2144026709714079e-01 0.43857177027025246 0.5685958335935156 0.230810100519234   
14 84 0.12988945379609254 4.464870471853078 0.16208201441745929 1.6208201441745929e-01 0.276940441548581 0.7978060774536557 0.13806999549266946   
15 90 0.18681430316802275 6.08115472169696 0.08996927529800675 8.9969275298006746e-02 0.2541309222985495 0.47275183254738085 0.08936138213481476   
16 96 0.21743880991264297 10.176749263590699 0.0765364410339444 7.6536441033944400e-02 0.44162116839766385 0.5390836110267003 0.3285527827195033   
17 102 0.22154398648164803 9.761575030490343 0.037489587102304524 3.7489587102304524e-02 0.29057077506792117 0.6731919434320157 0.41196613695503653   
18 108 0.1922075042511891 10.903361160165272 0.037489587102304524 3.8819224654887984e-02 0.3634253505855543 0.6624134665190161 0.34558737521821203   
19 114 0.1904623402626453 9.858235396606133 0.037489587102304524 6.5767588569607627e-02 0.2924343798212182 0.6046280387521299 0.46016558527951035   
20 120 0.1954725595694 10.948019635467547 0.024115686664932835 2.4115686664932835e-02 0.37660346822418045 1.0929721049796912 0.3458868831656179   
21 126 0.19385330883254778 8.681512494772663 0.024115686664932835 1.1566908047813390e-01 0.23591508181225976 0.4216781269047191 0.1450691702872446   
22 132 0.1930045524962099 8.317549225844852 0.024115686664932835 4.6691519351754363e-02 0.3123411190406935 1.249826443428784 0.5408641259711531   
23 138 0.1669916769218758 9.468581653793043 0.024115686664932835 2.5034121826997248e-02 0.07459770178159508 0.26279306540279584 0.19608488574941374   
24 144 0.2569028145436838 10.337327566241552 0.001718444947201527 1.7184449472015270e-03 0.24449897749248073 0.7795194971021956 0.4445147131385805   
25 150 0.22814436303391525 12.071824814631485 0.001718444947201527 2.3899202092370384e-02 0.41615476585697475 3.072842142214229 0.8028587477856269   
26 156 0.2606530655355262 11.635194224461094 0.001718444947201527 9.1799955833885994e-03 0.04639683605867396 0.7379722614071287 0.03356982023843615   
27 162 0.29272696576819884 11.577699924606529 0.001718444947201527 4.3906377673176261e-02 0.09365687873868743 2.2409385710801835 0.04005783775711676   
28 168 0.2206504738213583 10.353994553229402 0.0015379607720026123 1.5379607720026123e-03 0.10310917672404814 0.6574211704502456 0.17806781688115236   
29 174 0.19409760561151018 11.13496784431475 0.0015379607720026123 1.0149568025782929e-02 0.06942703114877911 0.09816814417506661 0.053187041327927925   
30 180 0.1449253348304391 12.115231978298466 0.0015379607720026123 3.6016193758257216e-02 0.11701154336833226 0.20933704642747095 0.07304728730879032   
31 186 0.14486860729699955 14.256898668276838 0.00011426858576136367 1.1426858576136367e-04 0.010464639238745539 0.0469931958716278 0.0396455722676185   
32 192 0.12618728986790864 12.784495351504761 0.00011426858576136367 5.1307369211490289e-04 0.005387465362434139 0.030729383751814 0.008605289324345155   
33 198 0.12123853727595926 15.609908886846855 0.00011426858576136367 9.6877964859330874e-04 0.0033173840285979916 0.0329643142703452 0.004971891621638861   
34 204 0.13242218855599566 18.696007719558473 0.00011426858576136367 2.8501622556960202e-03 0.011355745100197889 0.015165631797755002 0.008426756872691437   
35 210 0.12404958437719484 25.97561904185052 0.00011426858576136367 1.3605810337284949e-03 0.00626889024998571 0.023012406221894988 0.007916056763716744   
36 216 0.105482981753015 27.200533036503952 0.00011426858576136367 7.7648791327179301e-04 0.0013578372251175637 0.005786637295992596 0.003562790669324597   
37 222 0.07961307783078526 23.016872650865178 0.00011426858576136367 1.4057897895646289e-04 0.0014507603987615305 0.008637582964674095 0.0016504274838188946   
38 228 0.0746626274847217 23.71036764447041 0.00011426858576136367 1.3202992488349578e-04 0.0010798713078261012 0.0023473375105705157 0.0014495332118863555   
39 234 0.06413826660393422 25.202620701319294 0.00010347200281244898 1.0347200281244898e-04 0.0006529653602277138 0.0016486883025644105 0.0011816947602718382   
40 240 0.05292501408907087 28.342764443751083 7.6120180483008555e-06 7.6120180483008555e-06 0.0005787025738103846 0.001984653119487266 0.000506928826713312   
41 246 0.058512255759489956 29.422273467861594 7.6120180483008555e-06 1.8415590789250041e-04 0.0004272428288446978 0.001287748510066852 0.00013401877996788007   
42 252 0.046347475682807934 30.673886834242772 7.6120180483008555e-06 4.2073299853864884e-05 0.00023617257828538633 0.0009038924414289602 0.0004905868639520757   
43 258 0.044190500022336036 36.54729439658754 7.6120180483008555e-06 3.6910675196339239e-05 0.00029211500719903853 0.0006689580716487449 0.00038691970825425467   
44 264 0.03426512971048068 33.70643624523161 7.6120180483008555e-06 1.5934391516851366e-05 0.00016032390583041922 0.0006107654474865325 0.00017086768605285488   
45 270 0.030709340580932082 41.10929609465354 5.420721113305285e-06 5.4207211133052854e-06 4.815803594511496e-05 8.830645765753171e-05 4.804554367792064e-05   
46 276 0.022327573419443587 43.36140711559896 1.2421358348076215e-06 1.2421358348076215e-06 1.2687558308556844e-05 2.4264695868073183e-05 1.0922086508943158e-05   
47 282 0.02508609776128757 47.50832872620621 1.2421358348076215e-06 3.6616166701492734e-06 4.1616654525139575e-05 4.3733042711323786e-05 2.1520209113421844e-05   
48 288 0.019481694480593104 52.83116142674704 1.2421358348076215e-06 2.5182902398202019e-06 3.2099355226480195e-05 4.100982454260377e-05 2.8853435959619363e-05   
49 294 0.013791698798643212 47.6120917582405 9.990779075289766e-07 9.9907790752897663e-07 6.468433584210364e-06 1.9862679792882464e-05 7.001948567151758e-06   
50 300 0.012541466821951277 55.402243587940774 4.4986454814452745e-07 4.4986454814452745e-07 9.559522353301308e-07 9.341804387466823e-06 2.2978456088163336e-06   
51 306 0.011791026425894587 66.7832312746814 3.989832307151914e-07 3.9898323071519138e-07 2.3347629140484423e-06 3.2411554422544016e-06 6.599570863343256e-07   
52 312 0.010170782223614486 54.12814279428932 1.762805470926808e-08 1.7628054709268079e-08 1.357016545814647e-06 2.043783843971095e-06 1.318754675351719e-06   
53 318 0.00879296797333675 59.22783354354692 1.762805470926808e-08 1.9691153487983010e-07 1.839840501464354e-06 2.4078954939921847e-06 1.1754932405118754e-06   
54 324 0.008437243881639788 54.03145610333738 1.762805470926808e-08 9.5488163548432429e-08 5.929603205298845e-07 2.253200426489992e-06 8.029483576915507e-07   
55 330 0.006410511380349414 57.76141589166469 8.944622179263613e-09 8.9446221792636131e-09 4.4857367499368753e-07 2.3393994658717655e-06 8.426505952668476e-07   
56 336 0.004960286654977181 54.506834704300566 8.944622179263613e-09 7.4200624668542727e-08 3.207605774533817e-07 4.87383566569066e-07 2.1770164335249565e-07   
57 342 0.0039134098720057945 63.767490433313 8.944622179263613e-09 1.4793197086468874e-08 1.621651413195869e-07 2.843556868218977e-07 7.910659046252752e-08   
58 348 0.0028044717003215323 58.65520349200758 1.2959634556069214e-09 1.2959634556069214e-09 4.7384074962153195e-08 1.3275765861879196e-07 4.0358653475948736e-08   
59 354 0.002496056946503333 56.2496336401385 1.2959634556069214e-09 1.0140727094247786e-08 3.145398845016999e-08 3.689754988488322e-08 1.835966639079395e-08   
60 360 0.0018885683973843138 60.66675405412538 1.2959634556069214e-09 2.5355050436767445e-09 1.6376388238859028e-08 2.5595282655498994e-08 2.1225169446195672e-08   
61 366 0.0016570811073269222 54.32359088570525 2.355420714752882e-10 2.3554207147528822e-10 1.724393355850208e-09 1.263353159738243e-08 4.712441117287485e-09   
62 372 0.0014716601704444967 44.54371776394081 2.355420714752882e-10 9.2335367167902448e-10 5.947786144840896e-09 1.4802194993559416e-08 9.368497433888307e-09   
63 378 0.0014446507238829096 45.57462663896203 2.355420714752882e-10 1.7724748865043960e-09 5.3428934806163874e-09 1.98548789731821e-08 7.637485063637484e-09   
64 384 0.0012827597029683817 47.150616338833096 2.355420714752882e-10 5.4234938245216413e-10 1.269852190922875e-09 4.202525547100912e-09 1.4523985692297275e-09   
65 390 0.0012199044436329517 46.52861951100852 2.355420714752882e-10 4.6921635428583041e-10 1.852428864768658e-09 2.525029189146339e-09 1.3724991532018248e-09   
66 396 0.001012940242640648 54.65597475193955 2.355420714752882e-10 7.3991930319446621e-10 2.2166737073975535e-09 2.9799230455368832e-09 2.053514667263818e-09   
67 402 0.0007145897145718768 53.11037178196638 2.355420714752882e-10 4.0279012081784012e-10 1.4983490385373083e-09 1.9817732193936722e-09 1.3180864259293323e-09   
68 408 0.0007955034621465667 59.15646348335895 7.515740881281669e-11 7.5157408812816691e-11 4.97279594106562e-10 1.359134758756584e-09 5.102076679954802e-10   
69 414 0.0007487777522083053 74.876222463984 1.0671035366960788e-11 1.0671035366960788e-11 6.279332311845852e-10 1.2327592802146735e-09 3.3928916675080296e-10   
70 420 0.0006267162674459822 80.86013500538459 1.0671035366960788e-11 5.9057393337735455e-11 2.3330908695252267e-10 4.817974020140784e-10 3.510424947604642e-10   
71 426 0.00047958789492235217 81.47306982594762 1.0671035366960788e-11 3.5280702200064706e-11 8.719963920995598e-11 5.344692211983255e-10 2.6192275393265957e-10   
72 432 0.00044401614539258603 78.7585974651804 1.0671035366960788e-11 6.3065743875488374e-11 9.196411722412646e-11 2.099427467719599e-10 1.434434672363321e-10   
73 438 0.0003503591201171031 68.80080599787512 1.0671035366960788e-11 2.5131349837369156e-11 6.117309027880961e-11 3.0314504859812403e-10 8.684525055429993e-11   
74 444 0.0003901276546705072 55.44302170192146 1.1515325093438496e-12 1.1515325093438496e-12 1.9421470479168728e-11 9.919918332239665e-11 4.1620464283622374e-11   
75 450 0.0003969067703837765 37.294957107046265 1.1515325093438496e-12 5.5822317141001109e-12 3.18911884132687e-11 4.805652238425928e-11 1.817822751044876e-11   
76 456 0.0002866262490796642 33.008114244812816 1.1515325093438496e-12 3.6058930259851477e-12 4.194701349970018e-11 5.434444812731364e-11 4.2923657204796675e-11   
77 462 0.00028436459147963665 27.50932170628001 1.1515325093438496e-12 2.1715178592393918e-12 1.1550045466623077e-11 2.1950278324198773e-11 1.1676575473615429e-11   
78 468 0.00021831409716175002 32.235472318522525 1.1515325093438496e-12 2.9685429542389124e-12 6.654813097281639e-12 2.8542359449496498e-11 1.1585493993069198e-11   
79 474 0.00018811687256325518 32.276870346312705 1.1515325093438496e-12 3.1753993068273165e-12 1.154591545509041e-11 1.6977164645096346e-11 1.2682004484397977e-11   
80 480 0.00016764260701459597 40.33782631354268 9.841842175419194e-13 9.8418421754191944e-13 3.729263535328053e-12 5.115299167694417e-12 3.592032434131172e-12   
81 486 0.00012316957605618278 36.27768854583923 8.674478699272979e-13 8.6744786992729792e-13 2.885738191185028e-12 1.2935424508648679e-11 3.4176458153724817e-12   
82 492 0.00011697607743570336 45.3649439272877 2.2917271293249154e-13 2.2917271293249154e-13 9.834994141681422e-13 1.9596064667331783e-12 5.755905944869863e-13   
83 498 0.00013721770492221053 38.032775803211265 1.5967414036576004e-13 1.5967414036576004e-13 6.756830240995211e-13 2.0928945000956966e-12 1.2211604894353976e-12   
84 504 0.0001297034571500959 30.650257991084604 1.5967414036576004e-13 2.0604783338160675e-13 6.339578615269926e-13 1.2225087120563033e-12 8.452196743099544e-13   
85 510 0.0001051496415035533 35.28818017509082 1.1985324233409092e-13 1.1985324233409092e-13 1.9603656824745753e-12 4.287258450589805e-12 2.8075796902343976e-12   
86 516 8.835290910796284e-05 41.90536229661644 6.827630393541505e-14 6.8276303935415046e-14 5.395636648682403e-13 2.0767957305074317e-12 3.434671962721125e-13   
87 522 7.749602843503316e-05 42.314727976964576 2.1466932605828313e-15 2.1466932605828313e-15 2.3849281523815986e-13 5.363535420944992e-13 2.80843753328546e-13   
88 528 5.803597671711189e-05 43.31330677126245 2.1466932605828313e-15 1.4747095578793992e-14 1.032591331279252e-13 1.917024988403203e-13 9.411912487096352e-14   
89 534 4.954325343014282e-05 40.16229734033978 2.1466932605828313e-15 2.5247875465848205e-14 5.0982850259548155e-14 1.5445846240069488e-13 4.0916676140677776e-14   
90 540 4.956318513190811e-05 47.38962400428309 2.1466932605828313e-15 1.6472251329992359e-14 1.148196928180997e-13 2.220233462135635e-13 1.0773069900220999e-13   
91 546 3.753564063105485e-05 37.606434955643294 5.698583264266682e-16 5.6985832642666822e-16 4.9439625336116744e-14 1.0579597556931801e-13 4.562529647938671e-14   
92 552 3.0311471273139957e-05 44.41989920176947 5.698583264266682e-16 1.3503187203463043e-15 2.948560271600212e-14 5.6826661306803434e-14 4.004424370171568e-14   
93 558 2.502993867529696e-05 55.31646436056193 5.698583264266682e-16 1.7002754257064456e-15 6.770804065482621e-15 4.6487666048981304e-14 1.5920150335882857e-14   
